Koordinaten: 1, 1 
  0.073140  -0.026562  0.002841
  -0.026562  0.908407  0.028146
  0.002841  0.028146  0.018454

Koordinaten: 1, 7 
  0.091657  -0.012547  0.002165
  -0.012547  0.892490  0.015488
  0.002165  0.015488  0.015853

Koordinaten: 1, 13 
  0.039019  0.000565  0.001542
  0.000565  0.949269  0.002303
  0.001542  0.002303  0.011712

Koordinaten: 7, 1 
  0.812019  -0.053106  -0.003032
  -0.053106  0.147797  -0.022115
  -0.003032  -0.022115  0.040184

Koordinaten: 7, 7 
  0.657207  -0.138266  0.014728
  -0.138266  0.278636  -0.007545
  0.014728  -0.007545  0.064157

Koordinaten: 7, 13 
  0.105635  -0.093760  0.008141
  -0.093760  0.859305  -0.104421
  0.008141  -0.104421  0.035060

Koordinaten: 13, 1 
  0.398303  0.118596  0.006867
  0.118596  0.521223  -0.015272
  0.006867  -0.015272  0.080475

Koordinaten: 13, 7 
  0.248761  0.196508  -0.028304
  0.196508  0.673319  -0.099772
  -0.028304  -0.099772  0.077920

Koordinaten: 13, 13 
  0.164933  0.140757  -0.005911
  0.140757  0.758623  -0.119834
  -0.005911  -0.119834  0.076445